**********Bobot W**********
[-4.912433395136877, 4.9124333951368735]
[5.992941028719699, -5.992941028719694]
[4.3702906025295585, -4.370290602529561]

**********Bobot V**********
[-0.25181586309278914, -0.20904632618180294]
[-0.2066199800336417, -0.15145863798877005]
[-0.26643765511951606, -0.19973810140920473]
[0.0499194736192841, 0.036392132827673535]
[-0.4750679360628767, -0.34893213058702743]
[1.0259182651923933, 0.7565701542020457]
[-0.15898180336211332, -0.09664488692599116]
[0.0, 0.0]
[0.0, 0.0]
[0.011254205733995088, 0.011183629337262895]
[-0.19411396388505286, -0.13936155515049]
[-0.5048770069045199, -0.3785694695360269]
[-0.5289382096388682, -0.4074748436962153]
[-0.9043037340495377, -0.652266170516219]
[0.06316784526373027, 0.021504970886424477]
[-0.20579746989694533, -0.12360870054121377]
[-0.3572685987230243, -0.2807480951296208]
[0.0, 0.0]
[0.01158388317202968, 0.011440141804821348]
[-0.2066199800336417, -0.15145863798877005]
[-0.7847141090740849, -0.5945927885199163]
[-0.36473334897230825, -0.29082818109889064]
[0.19708183238192375, 0.14406866601994556]
[0.4660936106406201, 0.3487483381949499]
[-0.0021629589595172716, -0.009517052185317312]
[-0.40007655097757233, -0.2656181767323637]
[0.0, 0.0]
[0.0, 0.0]
[-0.19441363380538737, -0.1396019397257762]
[-0.38552008141650534, -0.2965722649209146]
[0.11006174098607047, 0.06514866094623864]
[-0.12292725712778829, -0.09044620235901998]
[0.6222741902795267, 0.46285138626407646]
[-0.2877230817466984, -0.22198614034246247]
[0.38366356232653226, 0.2844370261645258]
[0.01834673969763091, 0.017335170108661625]
[0.010402781894042486, 0.010493830130742425]
[-0.2066199800336417, -0.15145863798877005]
[-0.5921400614501394, -0.4480309029096854]
[-0.30710551888007986, -0.23711351811944426]
[-0.8812970705221423, -0.6671366474778366]
[-0.5877599592252897, -0.4735404422028467]
[0.17083363383536257, 0.10253640187899245]
[0.5155257933861574, 0.4006463426457869]
[0.09955995423366562, 0.08103292761429921]
[0.009944398993904927, 0.010105125809087274]
[-0.2066199800336417, -0.15145863798877005]
[0.19504283299795108, 0.1570394826121315]
[-0.11629129603661677, -0.07673734859726296]
[-0.4292177383629096, -0.3375765503567181]
[-0.002051381882983388, 0.019331992623636707]
[0.5156628482736093, 0.3939095691553556]
[0.23755433863687764, 0.18087472367005222]
[0.6672745832763064, 0.5241737383030965]
[0.0, 0.0]
[0.21335568289404389, 0.16503896085882974]
[0.6009303041036783, 0.46106989910010354]
[-0.21282974740886867, -0.17121229846858388]
[0.2427519043301646, 0.18053674333844388]
[0.8473374218697102, 0.6380301402501725]
[0.10254132123796754, 0.05438737658279564]
[0.19388346194117548, 0.1497766505201389]
[0.9864503855201772, 0.757642164021015]
[0.02837287221787498, 0.027502125125207562]
[0.720218518596115, 0.5939264941410668]
[0.029405357706235688, 0.0002882888014011146]
[-0.11053268814591308, -0.09675688656890068]
[-1.3968329056686903, -1.080992778713069]
[-1.0850180658248367, -0.8431209281062751]
[-0.19324450086696537, -0.18319853171548817]
[0.6420359784382121, 0.4920391447071868]
[0.6335747705397589, 0.4929136515157926]
[0.40757042977307256, 0.3148316401038763]
[0.9916365846451549, 0.758892901971825]
[-0.30778561047964, -0.21080853575182754]
[-0.10356970282832549, -0.07363729233255352]
[-1.1748268383344094, -0.8782945844476515]
[-0.7596582011443397, -0.5790904540978344]
[-0.4641876772176169, -0.34405922529456695]
[1.079735170649206, 0.8131612501161245]
[0.34389370137264763, 0.2709401083525359]
[0.778280901751109, 0.5938539411129974]